"Title","Path","Visits","Visitors"
"关于","about.md","123","0"
"Baby Vocabulary","verano/life/advanced/baby vocabulary.md","13","0"
"Lexicology","verano/life/advanced/lexicology.md","4","0"
"Schedule","verano/life/advanced/schedule.md","26","0"
"Sentences","verano/life/advanced/sentences.md","29","0"
"Time Vocabulary","verano/life/advanced/time vocabulary.md","9","0"
"与Time相关的习语","verano/life/advanced/与time相关的习语.md","9","0"
"如何练得一口英音？","verano/life/advanced/如何练得一口英音？.md","9","0"
"语言待考科目","verano/life/advanced/语言待考科目.md","22","0"
"To Haijing","verano/life/dear diary/to haijing.md","159","0"
"一位妈妈，写给女儿的信","verano/life/dear diary/一位妈妈，写给女儿的信.md","63","0"
"不谈亏欠，不负遇见","verano/life/dear diary/不谈亏欠，不负遇见.md","18","0"
"关于雪景拍摄（下雪啦）","verano/life/dear diary/关于雪景拍摄（下雪啦）.md","14","0"
"初冬","verano/life/dear diary/初冬.md","51","0"
"别爱太满，别睡太晚，别想太多","verano/life/dear diary/别爱太满，别睡太晚，别想太多.md","25","0"
"即使身处低谷，也勿忘本心","verano/life/dear diary/即使身处低谷，也勿忘本心.md","14","0"
"回家","verano/life/dear diary/回家.md","27","0"
"好的习惯","verano/life/dear diary/好的习惯.md","14","0"
"好的生活状态","verano/life/dear diary/好的生活状态.md","22","0"
"孤独及其所创造的","verano/life/dear diary/孤独及其所创造的.md","41","0"
"它的诞生","verano/life/dear diary/它的诞生.md","23","0"
"家装风格 笔记","verano/life/dear diary/家装风格 笔记.md","38","0"
"爱之于我","verano/life/dear diary/爱之于我.md","82","0"
"相信，本身也是一种拥有","verano/life/dear diary/相信，本身也是一种拥有.md","57","0"
"绝世唐门","verano/life/dear diary/绝世唐门.md","97","0"
"舒适的表达习惯","verano/life/dear diary/舒适的表达习惯.md","16","0"
"越是沮丧，越要学会自我救赎","verano/life/dear diary/越是沮丧，越要学会自我救赎.md","48","0"
"趣味儿故事【更新中】","verano/life/dear diary/趣味儿故事【更新中】.md","71","0"
"跟温柔的人在一起，很舒服","verano/life/dear diary/跟温柔的人在一起，很舒服.md","58","0"
"Auckland Vacation","verano/life/guide/auckland vacation.md","14","0"
"Iceland, Europe","verano/life/guide/iceland, europe.md","65","0"
"Kyoto, Japan","verano/life/guide/kyoto, japan.md","38","0"
"Vacation Places","verano/life/guide/vacation places.md","29","0"
"Wellington Vacation","verano/life/guide/wellington vacation.md","13","0"
"《世界语言谱系分类表》","verano/life/guide/《世界语言谱系分类表》.md","13","0"
"《中国民用航空危险品运输管理规定》","verano/life/guide/《中国民用航空危险品运输管理规定》.md","22","0"
"《中西文化差异漫画》","verano/life/guide/《中西文化差异漫画》.md","21","0"
"双板滑雪事项","verano/life/guide/双板滑雪事项.md","11","0"
"由来","verano/life/guide/由来.md","20","0"
"美丽新西兰","verano/life/guide/美丽新西兰.md","11","0"
"胎记问题","verano/life/guide/胎记问题.md","7","0"
"Fixed Charges","verano/life/play/fixed charges.md","26","0"
"The Absurdity Of The British Empire","verano/life/play/the absurdity of the british empire.md","14","0"
"分工","verano/life/play/分工.md","28","0"
"天津游记","verano/life/play/天津游记.md","48","0"
"春夏秋冬","verano/life/play/春夏秋冬.md","46","0"
"春雪","verano/life/play/春雪.md","8","0"
"杭州游记","verano/life/play/杭州游记.md","47","0"
"珍藏剧集、电影【更新中】","verano/life/play/珍藏剧集、电影【更新中】.md","12","0"
"音调","verano/life/play/音调.md","26","0"
"音频外链获取方式","verano/life/play/音频外链获取方式.md","22","0"
"《The Moon And Sixpence》读后感","verano/life/readings/《the moon and sixpence》读后感.md","19","0"
"《斗罗大陆》十年陪伴","verano/life/readings/《斗罗大陆》十年陪伴.md","26","0"
"《横道世之介》","verano/life/readings/《横道世之介》.md","85","0"
"《源氏物语》","verano/life/readings/《源氏物语》.md","52","0"
"世界在走向崩溃？","verano/life/readings/世界在走向崩溃？.md","8","0"
"阅读中的自己","verano/life/readings/阅读中的自己.md","27","0"
"随手笔记【更新中】","verano/life/readings/随手笔记【更新中】.md","21","0"
"Install OpenVPN on Centos 7","verano/tech/linux/install openvpn on centos 7.md","17","0"
"Install SS on VPS","verano/tech/linux/install ss on vps.md","31","0"
"Install Trojan","verano/tech/linux/install trojan.md","26","0"
"OneIndex","verano/tech/linux/oneindex.md","43","0"
"PHP Crontab","verano/tech/linux/php crontab.md","14","0"
"学习笔记之简述Linux发行版","verano/tech/linux/学习笔记之简述linux发行版.md","23","0"
"AriaNG Native配置","verano/tech/mac/ariang native配置.md","25","0"
"Cloudflare","verano/tech/mac/cloudflare.md","32","0"
"Disqus","verano/tech/mac/disqus.md","12","0"
"Index+Post+Scss","verano/tech/mac/index+post+scss.md","6","0"
"PR Sequence","verano/tech/mac/pr sequence.md","18","0"
"代理工具","verano/tech/mac/代理工具.md","1","0"
"格式编码详述","verano/tech/mac/格式编码详述.md","18","0"
"笔记本软件备份","verano/tech/mac/笔记本软件备份.md","2","0"
"网络收藏夹","verano/tech/mac/网络收藏夹.md","4","0"
"HTML多种空格区分","verano/tech/win/html多种空格区分.md","29","0"
"Q&A on Windows","verano/tech/win/q&a on windows.md","32","0"
"0c9b345f23c4e2b68ed842bde5cbc3d_600_none_false_86","_cache/thumbnails/0/0c9b345f23c4e2b68ed842bde5cbc3d_600_none_false_86.jpg","13","0"
"1bcdfc53cb16d6751e3d3ae8e9a1708_600_none_false_86","_cache/thumbnails/0/1bcdfc53cb16d6751e3d3ae8e9a1708_600_none_false_86.jpg","13","0"
"3f0e984858861462853b4824e099abc_600_none_false_86","_cache/thumbnails/0/3f0e984858861462853b4824e099abc_600_none_false_86.jpg","24","0"
"453db017e00cc010a3cef687fe60ea4_600_none_false_86","_cache/thumbnails/0/453db017e00cc010a3cef687fe60ea4_600_none_false_86.jpg","5","0"
"5e00fb16e0cea182e05dbc8c39b6455_600_none_false_86","_cache/thumbnails/0/5e00fb16e0cea182e05dbc8c39b6455_600_none_false_86.jpg","7","0"
"9c6d60a20a22af4e356fe552616bc61_600_none_false_86","_cache/thumbnails/0/9c6d60a20a22af4e356fe552616bc61_600_none_false_86.jpg","18","0"
"a49a5028efb7533395a2d6368ff88dd_600_none_false_86","_cache/thumbnails/0/a49a5028efb7533395a2d6368ff88dd_600_none_false_86.jpg","2","0"
"b89e18f93d841502b914a0a116c38ab_600_none_false_86","_cache/thumbnails/0/b89e18f93d841502b914a0a116c38ab_600_none_false_86.jpg","8","0"
"fc3b545c50d51cf8e30dea4eb0bbd1e_600_none_false_86","_cache/thumbnails/0/fc3b545c50d51cf8e30dea4eb0bbd1e_600_none_false_86.jpg","21","0"
"25a6c3db663aafab25257f154b718f3_600_none_false_86","_cache/thumbnails/1/25a6c3db663aafab25257f154b718f3_600_none_false_86.jpg","2","0"
"619f14249ab8cc15432679305ba3335_600_none_false_86","_cache/thumbnails/1/619f14249ab8cc15432679305ba3335_600_none_false_86.jpg","26","0"
"7a6828d26297181f4631bbbc3e75b6b_600_none_false_86","_cache/thumbnails/1/7a6828d26297181f4631bbbc3e75b6b_600_none_false_86.jpg","8","0"
"7f480dfbd12da6fd253f08943c5adea_600_none_false_86","_cache/thumbnails/1/7f480dfbd12da6fd253f08943c5adea_600_none_false_86.jpg","31","0"
"b68709ddeea1fcab9256ff08c90c5aa_600_none_false_86","_cache/thumbnails/1/b68709ddeea1fcab9256ff08c90c5aa_600_none_false_86.jpg","22","0"
"be4b1725f5fba1d3c6d04553f2adf0c_600_none_false_86","_cache/thumbnails/1/be4b1725f5fba1d3c6d04553f2adf0c_600_none_false_86.png","13","0"
"c20353cdb97618464e035237a757448_600_none_false_86","_cache/thumbnails/1/c20353cdb97618464e035237a757448_600_none_false_86.jpg","5","0"
"e95e6003daa390df3f9cf80666b820c_600_none_false_86","_cache/thumbnails/1/e95e6003daa390df3f9cf80666b820c_600_none_false_86.jpg","7","0"
"eb30012cf74c712e07e7064294368b6_600_none_false_86","_cache/thumbnails/1/eb30012cf74c712e07e7064294368b6_600_none_false_86.jpg","13","0"
"ed70775e8d842403c93640d11aeb54b_600_none_false_86","_cache/thumbnails/1/ed70775e8d842403c93640d11aeb54b_600_none_false_86.jpg","32","0"
"24cee26bccc7fec6ff4ea91978eb6e4_600_none_false_86","_cache/thumbnails/2/24cee26bccc7fec6ff4ea91978eb6e4_600_none_false_86.jpg","5","0"
"4e36ca101299e3838113b3adbeaffea_600_none_false_86","_cache/thumbnails/2/4e36ca101299e3838113b3adbeaffea_600_none_false_86.jpg","2","0"
"91633a0a1c85ed1aa9fd8521f13c05e_600_none_false_86","_cache/thumbnails/2/91633a0a1c85ed1aa9fd8521f13c05e_600_none_false_86.jpg","7","0"
"ad61ea9cc2f8902dff5bde6688bac39_600_none_false_86","_cache/thumbnails/2/ad61ea9cc2f8902dff5bde6688bac39_600_none_false_86.jpg","8","0"
"c3642674171a4c371e8fb31c235d5bf_600_none_false_86","_cache/thumbnails/2/c3642674171a4c371e8fb31c235d5bf_600_none_false_86.jpg","12","0"
"cb6ecb01a542ad9f46b89dc703a7aee_600_none_false_86","_cache/thumbnails/2/cb6ecb01a542ad9f46b89dc703a7aee_600_none_false_86.jpg","2","0"
"f481fd1eeacc94058a7d0a8cf1a510a_600_none_false_86","_cache/thumbnails/2/f481fd1eeacc94058a7d0a8cf1a510a_600_none_false_86.jpg","10","0"
"13019a4650b88088a050d8aac13f5ae_600_none_false_86","_cache/thumbnails/3/13019a4650b88088a050d8aac13f5ae_600_none_false_86.jpg","13","0"
"202eb51081e7915239e7b0e88bf7e24_600_none_false_86","_cache/thumbnails/3/202eb51081e7915239e7b0e88bf7e24_600_none_false_86.jpg","22","0"
"27ed9751f6cb7a215819849facce9b8_600_none_false_86","_cache/thumbnails/3/27ed9751f6cb7a215819849facce9b8_600_none_false_86.jpg","2","0"
"3590bd27d7c18959de5156ac728695c_600_none_false_86","_cache/thumbnails/3/3590bd27d7c18959de5156ac728695c_600_none_false_86.jpg","13","0"
"9a16f4aeab3a80003837617ed6666b3_600_none_false_86","_cache/thumbnails/3/9a16f4aeab3a80003837617ed6666b3_600_none_false_86.jpg","12","0"
"df13275e0c9510038a8b21fa7f94c87_600_none_false_86","_cache/thumbnails/3/df13275e0c9510038a8b21fa7f94c87_600_none_false_86.jpg","7","0"
"dfba6b64ad79ea7a0a4cf70d5087dd3_600_none_false_86","_cache/thumbnails/3/dfba6b64ad79ea7a0a4cf70d5087dd3_600_none_false_86.jpg","31","0"
"f96be2388d24b8fecf0c29dc1b0df9d_600_none_false_86","_cache/thumbnails/3/f96be2388d24b8fecf0c29dc1b0df9d_600_none_false_86.jpg","25","0"
"13cf19b98750182341ebfc0863dbc49_600_none_false_86","_cache/thumbnails/4/13cf19b98750182341ebfc0863dbc49_600_none_false_86.jpg","1","0"
"22a10c330f99afe72f26df0741b0168_600_none_false_86","_cache/thumbnails/4/22a10c330f99afe72f26df0741b0168_600_none_false_86.jpg","13","0"
"30596914218539fed29b1ab6e735562_600_none_false_86","_cache/thumbnails/4/30596914218539fed29b1ab6e735562_600_none_false_86.jpg","3","0"
"420fe236895b27c3bc6929d968679b3_600_none_false_86","_cache/thumbnails/4/420fe236895b27c3bc6929d968679b3_600_none_false_86.jpg","3","0"
"66da8702eb77496ebfc073ea88154ee_600_none_false_86","_cache/thumbnails/4/66da8702eb77496ebfc073ea88154ee_600_none_false_86.jpg","13","0"
"6ef1c4daf8bbf1624a2e0f9dc7720d1_600_none_false_86","_cache/thumbnails/4/6ef1c4daf8bbf1624a2e0f9dc7720d1_600_none_false_86.jpg","7","0"
"84d552c476954f5eb7c68659f17bf7b_600_none_false_86","_cache/thumbnails/4/84d552c476954f5eb7c68659f17bf7b_600_none_false_86.jpg","13","0"
"a21edd4a4a18a9118be518897a6dda6_600_none_false_86","_cache/thumbnails/4/a21edd4a4a18a9118be518897a6dda6_600_none_false_86.jpg","2","0"
"e05f5ff71352f632de5cd974550c4a5_600_none_false_86","_cache/thumbnails/4/e05f5ff71352f632de5cd974550c4a5_600_none_false_86.jpg","7","0"
"0f7e3accf21e46788c536476b63da78_600_none_false_86","_cache/thumbnails/5/0f7e3accf21e46788c536476b63da78_600_none_false_86.jpg","8","0"
"504d43382b7fe32bf48393df313a2f7_600_none_false_86","_cache/thumbnails/5/504d43382b7fe32bf48393df313a2f7_600_none_false_86.jpg","5","0"
"816bff0ff43962164f342d504b3ac78_240_240_true_86","_cache/thumbnails/5/816bff0ff43962164f342d504b3ac78_240_240_true_86.png","278","0"
"b56387224bbea03b66efea0e8634189_600_none_false_86","_cache/thumbnails/5/b56387224bbea03b66efea0e8634189_600_none_false_86.jpg","31","0"
"f260277592a09873c93834d4ffae268_600_none_false_86","_cache/thumbnails/5/f260277592a09873c93834d4ffae268_600_none_false_86.jpg","58","0"
"1b9eb67275dd5c58e07b82e83bca05d_600_none_false_86","_cache/thumbnails/6/1b9eb67275dd5c58e07b82e83bca05d_600_none_false_86.jpg","7","0"
"3861f9932d15cf32ebe26b870ae0a81_600_none_false_86","_cache/thumbnails/6/3861f9932d15cf32ebe26b870ae0a81_600_none_false_86.jpg","7","0"
"6f5b69343de5e17bf94b393e8d77219_600_none_false_86","_cache/thumbnails/6/6f5b69343de5e17bf94b393e8d77219_600_none_false_86.jpg","19","0"
"7b5112cce7bc9d1978d525b40479a02_600_none_false_86","_cache/thumbnails/6/7b5112cce7bc9d1978d525b40479a02_600_none_false_86.jpg","5","0"
"af5d2bdea3efb9a57e7d1eaa61d7bcd_600_none_false_86","_cache/thumbnails/6/af5d2bdea3efb9a57e7d1eaa61d7bcd_600_none_false_86.jpg","60","0"
"af5d2bdea3efb9a57e7d1eaa61d7bcd_800_none_false_86","_cache/thumbnails/6/af5d2bdea3efb9a57e7d1eaa61d7bcd_800_none_false_86.jpg","1","0"
"d65254c541370fa4bcde31c0653326c_600_none_false_86","_cache/thumbnails/6/d65254c541370fa4bcde31c0653326c_600_none_false_86.jpg","8","0"
"dc978b37410eb420aa981b0835e2cec_600_none_false_86","_cache/thumbnails/6/dc978b37410eb420aa981b0835e2cec_600_none_false_86.jpg","22","0"
"053f1a2fcbd56e97b6e1d5ebdcfba7b_600_none_false_86","_cache/thumbnails/7/053f1a2fcbd56e97b6e1d5ebdcfba7b_600_none_false_86.jpg","13","0"
"0ce065e286b3192c812baeff170f179_600_none_false_86","_cache/thumbnails/7/0ce065e286b3192c812baeff170f179_600_none_false_86.jpg","1","0"
"18a038d6092ebe4d44ecde1413c0435_600_none_false_86","_cache/thumbnails/7/18a038d6092ebe4d44ecde1413c0435_600_none_false_86.jpg","12","0"
"311c7d68336d857f73557bd0057ee87_600_none_false_86","_cache/thumbnails/7/311c7d68336d857f73557bd0057ee87_600_none_false_86.jpg","7","0"
"596176853af1dbd487889366443dc5a_600_none_false_86","_cache/thumbnails/7/596176853af1dbd487889366443dc5a_600_none_false_86.jpg","5","0"
"7347e60bd27a7b1a47a178e94740b94_600_none_false_86","_cache/thumbnails/7/7347e60bd27a7b1a47a178e94740b94_600_none_false_86.jpg","5","0"
"b06eb4d0602d66807f67186c48b75c3_600_none_false_86","_cache/thumbnails/7/b06eb4d0602d66807f67186c48b75c3_600_none_false_86.jpg","8","0"
"c65e2c27a0cdb27229126399b5d418c_600_none_false_86","_cache/thumbnails/7/c65e2c27a0cdb27229126399b5d418c_600_none_false_86.jpg","13","0"
"e3098a21c1bfee3fac03ae3cf3d2431_600_none_false_86","_cache/thumbnails/7/e3098a21c1bfee3fac03ae3cf3d2431_600_none_false_86.jpg","32","0"
"6d3bb5b1c6307d66d94b9e355c967a4_600_none_false_86","_cache/thumbnails/8/6d3bb5b1c6307d66d94b9e355c967a4_600_none_false_86.jpg","2","0"
"987622fdaf598df8666f558da96e8b1_600_none_false_86","_cache/thumbnails/8/987622fdaf598df8666f558da96e8b1_600_none_false_86.jpg","13","0"
"d0f1c0b51747a641b3e262975d5d190_600_none_false_86","_cache/thumbnails/8/d0f1c0b51747a641b3e262975d5d190_600_none_false_86.jpg","5","0"
"dc61c6ac9d3f812e472d467f5850518_600_none_false_86","_cache/thumbnails/8/dc61c6ac9d3f812e472d467f5850518_600_none_false_86.jpg","6","0"
"e13f5527fb17692af2acaa886c73c7c_600_none_false_86","_cache/thumbnails/8/e13f5527fb17692af2acaa886c73c7c_600_none_false_86.jpg","8","0"
"ec3dab986f2ad4bf2545129c3ba9237_600_none_false_86","_cache/thumbnails/8/ec3dab986f2ad4bf2545129c3ba9237_600_none_false_86.jpg","31","0"
"f383ae05ff2b6b856b740d62b5e1244_600_none_false_86","_cache/thumbnails/8/f383ae05ff2b6b856b740d62b5e1244_600_none_false_86.jpg","12","0"
"0262e5fa3287b374f68186ac0cb942a_600_none_false_86","_cache/thumbnails/9/0262e5fa3287b374f68186ac0cb942a_600_none_false_86.jpg","13","0"
"6df32642bbe2e6045b3bfedfed4417c_600_none_false_86","_cache/thumbnails/9/6df32642bbe2e6045b3bfedfed4417c_600_none_false_86.jpg","8","0"
"9abb99234bf04502610ddeb48a1f127_600_none_false_86","_cache/thumbnails/9/9abb99234bf04502610ddeb48a1f127_600_none_false_86.jpg","7","0"
"9ebeba3c6700efe1fcbbcecbd7aaad9_600_none_false_86","_cache/thumbnails/9/9ebeba3c6700efe1fcbbcecbd7aaad9_600_none_false_86.jpg","2","0"
"a1fe001ff88e7ecc7f65c866e17412d_600_none_false_86","_cache/thumbnails/9/a1fe001ff88e7ecc7f65c866e17412d_600_none_false_86.jpg","59","0"
"a77d7f6765231594d59c9be48df8d3a_600_none_false_86","_cache/thumbnails/9/a77d7f6765231594d59c9be48df8d3a_600_none_false_86.jpg","7","0"
"c5f92d7004f4a13041f3a8e6044e575_600_none_false_86","_cache/thumbnails/9/c5f92d7004f4a13041f3a8e6044e575_600_none_false_86.jpg","24","0"
"ef1a3d5045ccd1c534670dae50c221d_600_none_false_86","_cache/thumbnails/9/ef1a3d5045ccd1c534670dae50c221d_600_none_false_86.jpg","13","0"
"12b41df39ae31a43b676773079a8d80_600_none_false_86","_cache/thumbnails/a/12b41df39ae31a43b676773079a8d80_600_none_false_86.jpg","23","0"
"a4c2f2309d54413600b7d1e31a70a62_600_none_false_86","_cache/thumbnails/a/a4c2f2309d54413600b7d1e31a70a62_600_none_false_86.jpg","13","0"
"cef3979e3bc3ee0cceed64a7be97377_600_none_false_86","_cache/thumbnails/a/cef3979e3bc3ee0cceed64a7be97377_600_none_false_86.jpg","13","0"
"ee96f039cba84840e3f22542e381d2c_600_none_false_86","_cache/thumbnails/a/ee96f039cba84840e3f22542e381d2c_600_none_false_86.jpg","24","0"
"0eab4271a92393f4794b0629a718e30_600_none_false_86","_cache/thumbnails/b/0eab4271a92393f4794b0629a718e30_600_none_false_86.jpg","5","0"
"2ed4c0c567ce0834782049a761e0649_600_none_false_86","_cache/thumbnails/b/2ed4c0c567ce0834782049a761e0649_600_none_false_86.jpg","31","0"
"6b4e523c338358c7e74593f9f435ac9_600_none_false_86","_cache/thumbnails/b/6b4e523c338358c7e74593f9f435ac9_600_none_false_86.jpg","7","0"
"b089b60d71d02b8bba94e068f65b6fb_600_none_false_86","_cache/thumbnails/b/b089b60d71d02b8bba94e068f65b6fb_600_none_false_86.jpg","13","0"
"14f6c4b303105965f8205409f51f8cb_600_none_false_86","_cache/thumbnails/c/14f6c4b303105965f8205409f51f8cb_600_none_false_86.jpg","13","0"
"4ce4b196780af171ea112e8d38f8b9f_600_none_false_86","_cache/thumbnails/c/4ce4b196780af171ea112e8d38f8b9f_600_none_false_86.jpg","12","0"
"4f0e4f15bb6a4d9de47e0d63cee51dc_600_none_false_86","_cache/thumbnails/c/4f0e4f15bb6a4d9de47e0d63cee51dc_600_none_false_86.jpg","2","0"
"605419dc10d072e194b891c9f8c3c17_600_none_false_86","_cache/thumbnails/c/605419dc10d072e194b891c9f8c3c17_600_none_false_86.jpg","5","0"
"677d0a25518abf4a8c0ce3664ca2c8f_600_none_false_86","_cache/thumbnails/c/677d0a25518abf4a8c0ce3664ca2c8f_600_none_false_86.jpg","60","0"
"7b1fdc8f857e9953e5318497dc04a69_600_none_false_86","_cache/thumbnails/c/7b1fdc8f857e9953e5318497dc04a69_600_none_false_86.jpg","12","0"
"c52a34d712e148ad0c703fe05d91064_600_none_false_86","_cache/thumbnails/c/c52a34d712e148ad0c703fe05d91064_600_none_false_86.jpg","31","0"
"d5daa0f49bae810541a6c2c44d1cf30_600_none_false_86","_cache/thumbnails/c/d5daa0f49bae810541a6c2c44d1cf30_600_none_false_86.jpg","31","0"
"f69ccdea55ea870dce074e88b50951c_600_none_false_86","_cache/thumbnails/c/f69ccdea55ea870dce074e88b50951c_600_none_false_86.jpg","26","0"
"2466d8488da17447c730e6d472b7107_600_none_false_86","_cache/thumbnails/d/2466d8488da17447c730e6d472b7107_600_none_false_86.jpg","7","0"
"9941c8e28cd09bff8e7d5fc737258d5_600_none_false_86","_cache/thumbnails/d/9941c8e28cd09bff8e7d5fc737258d5_600_none_false_86.jpg","8","0"
"ab24ad386d2224472b69bc7476aec36_600_none_false_86","_cache/thumbnails/d/ab24ad386d2224472b69bc7476aec36_600_none_false_86.jpg","29","0"
"bda64a7ca099bcea3023071816f504f_600_none_false_86","_cache/thumbnails/d/bda64a7ca099bcea3023071816f504f_600_none_false_86.jpg","13","0"
"c0b979b019299544fc9e62e8dd55b9b_600_none_false_86","_cache/thumbnails/d/c0b979b019299544fc9e62e8dd55b9b_600_none_false_86.jpg","2","0"
"d56fe0170b4061e51e19233ff12d4bb_600_none_false_86","_cache/thumbnails/d/d56fe0170b4061e51e19233ff12d4bb_600_none_false_86.jpg","12","0"
"e07a3c83abd1b67006bb9ed2045764a_600_none_false_86","_cache/thumbnails/d/e07a3c83abd1b67006bb9ed2045764a_600_none_false_86.jpg","31","0"
"1f0847e6c22b3d5736460f75a22bacc_600_none_false_86","_cache/thumbnails/e/1f0847e6c22b3d5736460f75a22bacc_600_none_false_86.jpg","7","0"
"226dae15e1bc75adb557d7d3a9bfa85_600_none_false_86","_cache/thumbnails/e/226dae15e1bc75adb557d7d3a9bfa85_600_none_false_86.jpg","2","0"
"5110c1561c22e0960f46da451112adf_600_none_false_86","_cache/thumbnails/e/5110c1561c22e0960f46da451112adf_600_none_false_86.jpg","7","0"
"5163d6fde5e05cb524c0bd82c4b3acb_600_none_false_86","_cache/thumbnails/e/5163d6fde5e05cb524c0bd82c4b3acb_600_none_false_86.jpg","13","0"
"5f02ac61bbafc4a29fcf08486624fae_600_none_false_86","_cache/thumbnails/e/5f02ac61bbafc4a29fcf08486624fae_600_none_false_86.jpg","13","0"
"84de5eae3ea44f23059cea6afc75c85_600_none_false_86","_cache/thumbnails/e/84de5eae3ea44f23059cea6afc75c85_600_none_false_86.jpg","23","0"
"b47edb3de409f7b956bf752d7190305_600_none_false_86","_cache/thumbnails/e/b47edb3de409f7b956bf752d7190305_600_none_false_86.jpg","2","0"
"d1ce5bce371f081917432d3522ad78f_600_none_false_86","_cache/thumbnails/e/d1ce5bce371f081917432d3522ad78f_600_none_false_86.jpg","26","0"
"da0a31bcc53843025bc12ef05f9a567_600_none_false_86","_cache/thumbnails/e/da0a31bcc53843025bc12ef05f9a567_600_none_false_86.jpg","7","0"
"3d06a2ebbace1a7935c0b3204470443_600_none_false_86","_cache/thumbnails/f/3d06a2ebbace1a7935c0b3204470443_600_none_false_86.jpg","31","0"
"51cc7ba277acb24242024fce22b7abd_600_none_false_86","_cache/thumbnails/f/51cc7ba277acb24242024fce22b7abd_600_none_false_86.jpg","22","0"
"54eb4b988752aeecf6ed6ed5cc38856_600_none_false_86","_cache/thumbnails/f/54eb4b988752aeecf6ed6ed5cc38856_600_none_false_86.jpg","31","0"
"565f27280fde117c4bf080b6a02d3f3_600_none_false_86","_cache/thumbnails/f/565f27280fde117c4bf080b6a02d3f3_600_none_false_86.jpg","8","0"
"6dc65cbb4a12cc47ab57caade6ebb70_600_none_false_86","_cache/thumbnails/f/6dc65cbb4a12cc47ab57caade6ebb70_600_none_false_86.jpg","7","0"
"79dd5895f47f21686a8b2770904e74b_600_none_false_86","_cache/thumbnails/f/79dd5895f47f21686a8b2770904e74b_600_none_false_86.jpg","7","0"
"90565cca56cb53a1b10559e709bcb8c_600_none_false_86","_cache/thumbnails/f/90565cca56cb53a1b10559e709bcb8c_600_none_false_86.jpg","1","0"
"94e618d57937ccb52bcf6b7ce59bb9b_600_none_false_86","_cache/thumbnails/f/94e618d57937ccb52bcf6b7ce59bb9b_600_none_false_86.jpg","2","0"
"b9e953c1ef693137ae6896eb1b42e83_600_none_false_86","_cache/thumbnails/f/b9e953c1ef693137ae6896eb1b42e83_600_none_false_86.jpg","5","0"
"f09d62e6b65651c3e7e776ccf5c4085_600_none_false_86","_cache/thumbnails/f/f09d62e6b65651c3e7e776ccf5c4085_600_none_false_86.jpg","2","0"
"fcbffa65715460c321f5422c65dbf7d_600_none_false_86","_cache/thumbnails/f/fcbffa65715460c321f5422c65dbf7d_600_none_false_86.jpg","31","0"
"site_avatar","_direct/site_avatar.png","1","0"
"1588816283","album/douman/1588816283.jpg","1","0"
"1596617582","album/douman/1596617582.jpg","1","0"
"20190512_115433","album/eating/20190512_115433.jpg","1","0"
"20190616_230655","album/eating/20190616_230655.jpg","1","0"
"20191027_112404","album/eating/20191027_112404.jpg","1","0"
"20191123_194509","album/eating/20191123_194509.jpg","2","0"
"20191208_180251","album/eating/20191208_180251.jpg","2","0"
"IMG_3696","album/eating/img_3696.jpg","1","0"
"001-orange","album/fruits/001-orange.png","4","0"
"002-pear","album/fruits/002-pear.png","4","0"
"003-melon","album/fruits/003-melon.png","4","0"
"004-peanut","album/fruits/004-peanut.png","4","0"
"005-banana","album/fruits/005-banana.png","4","0"
"006-Water melon","album/fruits/006-water melon.png","4","0"
"007-kiwi","album/fruits/007-kiwi.png","4","0"
"008-pineapple","album/fruits/008-pineapple.png","4","0"
"009-mango","album/fruits/009-mango.png","4","0"
"010-grape","album/fruits/010-grape.png","4","0"
"011-pomegranate","album/fruits/011-pomegranate.png","4","0"
"012-lemon slice","album/fruits/012-lemon slice.png","4","0"
"013-berry","album/fruits/013-berry.png","4","0"
"014-pear","album/fruits/014-pear.png","4","0"
"015-apple","album/fruits/015-apple.png","4","0"
"016-lemon","album/fruits/016-lemon.png","4","0"
"017-grapes","album/fruits/017-grapes.png","4","0"
"018-plum","album/fruits/018-plum.png","4","0"
"019-strawberry","album/fruits/019-strawberry.png","59","0"
"020-coconut","album/fruits/020-coconut.png","4","0"
"021-plum","album/fruits/021-plum.png","4","0"
"022-avocado","album/fruits/022-avocado.png","4","0"
"023-melon","album/fruits/023-melon.png","4","0"
"024-berry","album/fruits/024-berry.png","4","0"
"20191107_210101","album/life corner/20191107_210101.jpg","2","0"
"20200313_132758","album/life corner/20200313_132758.jpg","2","0"
"DSC_1436","album/life corner/dsc_1436.jpg","1","0"
"DSC_1492","album/life corner/dsc_1492.jpg","4","0"
"DSC_1515","album/life corner/dsc_1515.jpg","1","0"
"DSC_1530","album/life corner/dsc_1530.jpg","1","0"
"DSC_1925","album/life corner/dsc_1925.jpg","1","0"
"DSC_1947","album/life corner/dsc_1947.jpg","2","0"
"gate","album/life corner/gate.jpg","1","0"
"IMG_1465","album/life corner/img_1465.jpg","2","0"
"IMG_1884","album/life corner/img_1884.jpg","1","0"
"IMG_1918","album/life corner/img_1918.jpg","1","0"
"IMG_2024","album/life corner/img_2024.jpg","1","0"
"IMG_2099","album/life corner/img_2099.jpeg","6","0"
"offices","album/life corner/offices.jpg","2","0"
"IMG_0467","album/nz/img_0467.jpg","1","0"
"001-pumpkin","album/vegetables/001-pumpkin.png","4","0"
"002-peas","album/vegetables/002-peas.png","4","0"
"003-artichoke","album/vegetables/003-artichoke.png","4","0"
"004-carrot","album/vegetables/004-carrot.png","4","0"
"005-corn","album/vegetables/005-corn.png","4","0"
"006-potato","album/vegetables/006-potato.png","2","0"
"007-cucumber","album/vegetables/007-cucumber.png","4","0"
"008-chili pepper","album/vegetables/008-chili pepper.png","4","0"
"009-spinach","album/vegetables/009-spinach.png","3","0"
"010-radish","album/vegetables/010-radish.png","3","0"
"011-squash","album/vegetables/011-squash.png","4","0"
"012-coriander","album/vegetables/012-coriander.png","4","0"
"013-leek","album/vegetables/013-leek.png","4","0"
"014-kale","album/vegetables/014-kale.png","59","0"
"015-cauliflower","album/vegetables/015-cauliflower.png","3","0"
"016-radish","album/vegetables/016-radish.png","4","0"
"017-broccoli","album/vegetables/017-broccoli.png","4","0"
"018-garlic","album/vegetables/018-garlic.png","4","0"
"019-gourd","album/vegetables/019-gourd.png","4","0"
"020-ginger","album/vegetables/020-ginger.png","4","0"
"021-peanuts","album/vegetables/021-peanuts.png","4","0"
"022-carrot","album/vegetables/022-carrot.png","3","0"
"023-okra","album/vegetables/023-okra.png","4","0"
"024-mushroom","album/vegetables/024-mushroom.png","4","0"
"025-lemon","album/vegetables/025-lemon.png","3","0"
"026-garlic","album/vegetables/026-garlic.png","3","0"
"027-courgette","album/vegetables/027-courgette.png","4","0"
"028-cauliflower","album/vegetables/028-cauliflower.png","4","0"
"029-asparagus","album/vegetables/029-asparagus.png","3","0"
"030-green chili pepper","album/vegetables/030-green chili pepper.png","4","0"
"031-sweet potato","album/vegetables/031-sweet potato.png","3","0"
"IMG_2214","album/warriors/img_2214.jpg","3","0"
"IMG_2497","album/warriors/img_2497.jpg","2","0"
"IMG_2498","album/warriors/img_2498.jpg","3","0"
"IMG_2499","album/warriors/img_2499.jpg","3","0"
"IMG_2500","album/warriors/img_2500.jpg","3","0"
"IMG_2503","album/warriors/img_2503.jpg","59","0"
"IMG_2504","album/warriors/img_2504.jpg","3","0"
"IMG_2505","album/warriors/img_2505.jpg","3","0"
